Generate Recorder.
Generate Recorder.
Generate Recorder.
Generate Recorder.
toio-P5C 162,262,261
toio-P5C 162,262,261
toio-P5C 162,262,261
toio-P5C 162,262,261
toio-P5C 162,262,261
toio-P5C 162,262,261
toio-P5C 162,262,259
toio-P5C 162,262,259
toio-P5C 162,262,259
toio-P5C 162,262,261
toio-P5C 162,262,261
toio-P5C 162,262,261
toio-P5C 162,262,260
toio-P5C 162,262,260
toio-P5C 162,262,260
toio-P5C 162,262,259
toio-P5C 162,262,259
toio-P5C 162,262,259
toio-P5C 162,262,261
toio-P5C 162,262,261
toio-P5C 162,262,261
toio-P5C 162,262,261
toio-P5C 162,262,261
toio-P5C 162,262,261
toio-P5C 162,262,261
toio-P5C 162,262,261
toio-P5C 162,262,261
toio-P5C 162,262,261
toio-P5C 162,262,261
toio-P5C 162,262,261
toio-P5C 162,262,261
toio-P5C 162,262,261
toio-P5C 162,262,261
toio-P5C 162,262,261
toio-P5C 162,262,261
toio-P5C 162,262,261
toio-P5C 162,262,261
toio-P5C 162,262,261
toio-P5C 162,262,261
toio-P5C 162,261,259
toio-P5C 162,261,259
toio-P5C 162,261,259
toio-P5C 162,260,261
toio-P5C 162,260,261
toio-P5C 162,260,261
toio-P5C 160,246,259
toio-P5C 160,246,259
toio-P5C 160,246,259
toio-P5C 159,240,261
toio-P5C 159,240,261
toio-P5C 159,240,261
toio-P5C 156,233,258
toio-P5C 156,233,258
toio-P5C 156,233,258
toio-P5C 157,229,259
toio-P5C 157,229,259
toio-P5C 157,229,259
toio-P5C 157,229,260
toio-P5C 157,229,260
toio-P5C 157,229,260
toio-P5C 157,229,260
toio-P5C 157,229,260
toio-P5C 157,229,260
toio-P5C 157,229,261
toio-P5C 157,229,261
toio-P5C 157,229,261
toio-P5C 157,229,260
toio-P5C 157,229,260
toio-P5C 157,229,260
toio-P5C 157,229,260
toio-P5C 157,229,260
toio-P5C 157,229,260
toio-P5C 157,231,261
toio-P5C 157,231,261
toio-P5C 157,231,261
toio-P5C 158,240,262
toio-P5C 158,240,262
toio-P5C 158,240,262
toio-P5C 159,247,260
toio-P5C 159,247,260
toio-P5C 159,247,260
toio-P5C 160,254,259
toio-P5C 160,254,259
toio-P5C 160,254,259
toio-P5C 161,259,262
toio-P5C 161,259,262
toio-P5C 161,259,262
toio-P5C 161,260,262
toio-P5C 161,260,262
toio-P5C 161,260,262
toio-P5C 161,259,261
toio-P5C 161,259,261
toio-P5C 161,259,261
toio-P5C 161,259,261
toio-P5C 161,259,261
toio-P5C 161,259,261
toio-P5C 161,259,261
toio-P5C 161,259,261
toio-P5C 161,259,261
toio-P5C 161,261,272
toio-P5C 161,261,272
toio-P5C 161,261,272
toio-P5C 161,261,272
toio-P5C 161,261,272
toio-P5C 161,261,272
toio-P5C 159,260,304
toio-P5C 159,260,304
toio-P5C 159,260,304
toio-P5C 158,260,320
toio-P5C 158,260,320
toio-P5C 158,260,320
toio-P5C 159,259,332
toio-P5C 159,259,332
toio-P5C 159,259,332
toio-P5C 158,257,348
toio-P5C 158,257,348
toio-P5C 158,257,348
toio-P5C 158,257,5
toio-P5C 158,257,5
toio-P5C 158,257,5
toio-P5C 158,257,5
toio-P5C 158,257,5
toio-P5C 158,257,5
toio-P5C 159,255,31
toio-P5C 159,255,31
toio-P5C 159,255,31
toio-P5C 159,256,41
toio-P5C 159,256,41
toio-P5C 159,256,41
toio-P5C 159,256,41
toio-P5C 159,256,41
toio-P5C 159,256,41
toio-P5C 159,256,41
toio-P5C 159,256,41
toio-P5C 159,256,41
toio-P5C 158,256,35
toio-P5C 158,256,35
toio-P5C 158,256,35
toio-P5C 158,256,17
toio-P5C 158,256,17
toio-P5C 158,256,17
toio-P5C 159,257,360
toio-P5C 159,257,360
toio-P5C 159,257,360
toio-P5C 158,258,344
toio-P5C 158,258,344
toio-P5C 158,258,344
toio-P5C 158,259,333
toio-P5C 158,259,333
toio-P5C 158,259,333
toio-P5C 159,259,322
toio-P5C 159,259,322
toio-P5C 159,259,322
toio-P5C 159,259,321
toio-P5C 159,259,321
toio-P5C 159,259,321
toio-P5C 159,259,322
toio-P5C 159,259,322
toio-P5C 159,259,322
toio-P5C 160,258,321
toio-P5C 160,258,321
toio-P5C 160,258,321
toio-P5C 166,253,322
toio-P5C 166,253,322
toio-P5C 166,253,322
toio-P5C 172,249,321
toio-P5C 172,249,321
toio-P5C 172,249,321
toio-P5C 178,244,320
toio-P5C 178,244,320
toio-P5C 178,244,320
toio-P5C 182,241,321
toio-P5C 182,241,321
toio-P5C 182,241,321
toio-P5C 186,238,321
toio-P5C 186,238,321
toio-P5C 186,238,321
toio-P5C 186,238,322
toio-P5C 186,238,322
toio-P5C 186,238,322
toio-P5C 186,238,323
toio-P5C 186,238,323
toio-P5C 186,238,323
toio-P5C 186,238,323
toio-P5C 186,238,323
toio-P5C 186,238,323
toio-P5C 184,240,322
toio-P5C 184,240,322
toio-P5C 184,240,322
toio-P5C 177,245,322
toio-P5C 177,245,322
toio-P5C 177,245,322
toio-P5C 171,249,321
toio-P5C 171,249,321
toio-P5C 171,249,321
toio-P5C 166,252,322
toio-P5C 166,252,322
toio-P5C 166,252,322
toio-P5C 161,256,323
toio-P5C 161,256,323
toio-P5C 161,256,323
toio-P5C 157,260,322
toio-P5C 157,260,322
toio-P5C 157,260,322
toio-P5C 157,259,321
toio-P5C 157,259,321
toio-P5C 157,259,321
toio-P5C 157,259,322
toio-P5C 157,259,322
toio-P5C 157,259,322
toio-P5C 157,259,322
toio-P5C 157,259,322
toio-P5C 157,259,322
toio-P5C 157,260,312
toio-P5C 157,260,312
toio-P5C 157,260,312
toio-P5C 158,260,295
toio-P5C 158,260,295
toio-P5C 158,260,295
toio-P5C 159,260,284
toio-P5C 159,260,284
toio-P5C 159,260,284
toio-P5C 160,260,266
toio-P5C 160,260,266
toio-P5C 160,260,266
toio-P5C 160,260,253
toio-P5C 160,260,253
toio-P5C 160,260,253
toio-P5C 161,260,232
toio-P5C 161,260,232
toio-P5C 161,260,232
toio-P5C 161,260,228
toio-P5C 161,260,228
toio-P5C 161,260,228
toio-P5C 162,259,202
toio-P5C 162,259,202
toio-P5C 162,259,202
toio-P5C 162,258,195
toio-P5C 162,258,195
toio-P5C 162,258,195
toio-P5C 161,258,195
toio-P5C 161,258,195
toio-P5C 161,258,195
toio-P5C 162,258,194
toio-P5C 162,258,194
toio-P5C 162,258,194
toio-P5C 162,258,194
toio-P5C 162,258,194
toio-P5C 162,258,194
toio-P5C 163,258,196
toio-P5C 163,258,196
toio-P5C 163,258,196
toio-P5C 162,258,194
toio-P5C 162,258,194
toio-P5C 162,258,194
toio-P5C 162,258,194
toio-P5C 162,258,194
toio-P5C 162,258,194
toio-P5C 162,259,204
toio-P5C 162,259,204
toio-P5C 162,259,204
toio-P5C 161,259,212
toio-P5C 161,259,212
toio-P5C 161,259,212
toio-P5C 161,260,233
toio-P5C 161,260,233
toio-P5C 161,260,233
toio-P5C 160,261,249
toio-P5C 160,261,249
toio-P5C 160,261,249
toio-P5C 160,260,267
toio-P5C 160,260,267
toio-P5C 160,260,267
toio-P5C 159,260,278
toio-P5C 159,260,278
toio-P5C 159,260,278
toio-P5C 159,260,291
toio-P5C 159,260,291
toio-P5C 159,260,291
toio-P5C 159,260,289
toio-P5C 159,260,289
toio-P5C 159,260,289
toio-P5C 159,260,290
toio-P5C 159,260,290
toio-P5C 159,260,290
toio-P5C 159,260,289
toio-P5C 159,260,289
toio-P5C 159,260,289
toio-P5C 159,260,289
toio-P5C 159,260,289
toio-P5C 159,260,289
toio-P5C 159,260,290
toio-P5C 159,260,290
toio-P5C 159,260,290
toio-P5C 160,258,289
toio-P5C 160,258,289
toio-P5C 160,258,289
toio-P5C 161,252,287
toio-P5C 161,252,287
toio-P5C 161,252,287
toio-P5C 163,245,287
toio-P5C 163,245,287
toio-P5C 163,245,287
toio-P5C 167,238,289
toio-P5C 167,238,289
toio-P5C 167,238,289
toio-P5C 168,231,287
toio-P5C 168,231,287
toio-P5C 168,231,287
toio-P5C 169,228,287
toio-P5C 169,228,287
toio-P5C 169,228,287
toio-P5C 169,228,286
toio-P5C 169,228,286
toio-P5C 169,228,286
toio-P5C 169,228,288
toio-P5C 169,228,288
toio-P5C 169,228,288
toio-P5C 170,228,289
toio-P5C 170,228,289
toio-P5C 170,228,289
toio-P5C 169,228,287
toio-P5C 169,228,287
toio-P5C 169,228,287
toio-P5C 169,228,287
toio-P5C 169,228,287
toio-P5C 169,228,287
toio-P5C 169,228,287
toio-P5C 169,228,287
toio-P5C 169,228,287
toio-P5C 169,228,288
toio-P5C 169,228,288
toio-P5C 169,228,288
toio-P5C 170,228,289
toio-P5C 170,228,289
toio-P5C 170,228,289
toio-P5C 169,228,286
toio-P5C 169,228,286
toio-P5C 169,228,286
toio-P5C 169,228,286
toio-P5C 169,228,286
toio-P5C 169,228,286
toio-P5C 169,228,287
toio-P5C 169,228,287
toio-P5C 169,228,287
toio-P5C 169,228,287
toio-P5C 169,228,286
toio-P5C 169,228,286
toio-P5C 169,228,286
toio-P5C 169,228,287
toio-P5C 169,228,287
toio-P5C 169,228,287
toio-P5C 169,228,287
toio-P5C 169,228,287
toio-P5C 169,228,287
toio-P5C 169,228,287
toio-P5C 169,228,287
toio-P5C 169,228,286
toio-P5C 169,228,286
toio-P5C 169,228,286
toio-P5C 169,228,287
toio-P5C 169,228,287
toio-P5C 169,228,287
toio-P5C 169,228,286
toio-P5C 169,228,286
toio-P5C 169,228,286
toio-P5C 170,228,289
toio-P5C 170,228,289
toio-P5C 170,228,289
toio-P5C 169,228,287
toio-P5C 169,228,287
toio-P5C 169,228,287
toio-P5C 169,228,287
toio-P5C 169,228,287
toio-P5C 169,228,287
toio-P5C 169,228,287
toio-P5C 169,228,287
toio-P5C 169,228,287
toio-P5C 169,228,286
toio-P5C 169,228,286
toio-P5C 169,228,286
toio-P5C 169,228,287
toio-P5C 169,228,287
toio-P5C 169,228,287
toio-P5C 169,228,287
toio-P5C 169,228,287
toio-P5C 169,228,287
toio-P5C 169,228,287
toio-P5C 169,228,287
toio-P5C 169,228,287
toio-P5C 169,228,286
toio-P5C 169,228,286
toio-P5C 169,228,286
toio-P5C 170,228,289
toio-P5C 170,228,289
toio-P5C 170,228,289
toio-P5C 169,228,288
Generate Recorder.
